Abbots Langley,51.707275,-0.4183259||2013-06-19,1.9,14,25,119,12||2013-06-20,1.5,12,19,266,16||2013-06-21,0.7,11,19,122,24||2013-06-22,12.6,8,15,296,30||2013-06-23,3.2,9,15,353,28||2013-06-24,4.1,6,14,353,21||2013-06-25,0.0,7,14,113,15||
Aberaeron,52.242793,-4.2581619||2013-06-19,0.0,11,17,113,19||2013-06-20,16.0,11,16,302,13||2013-06-21,3.2,10,16,263,27||2013-06-22,19.7,10,14,296,47||2013-06-23,8.2,11,14,176,33||2013-06-24,1.3,9,11,176,29||2013-06-25,0.2,7,11,113,14||
Aberdare,51.716154,-3.451816||2013-06-19,0.4,10,21,113,13||2013-06-20,12.9,9,16,296,13||2013-06-21,4.5,9,14,266,24||2013-06-22,14.6,9,14,266,39||2013-06-23,2.8,8,13,353,29||2013-06-24,0.5,7,13,353,24||2013-06-25,0.4,8,14,113,15||
Aberdeen,57.149717,-2.094278||2013-06-19,0.2,8,17,113,14||2013-06-20,0.4,10,16,116,18||2013-06-21,5.1,10,16,116,17||2013-06-22,15.3,9,15,302,25||2013-06-23,20.3,9,12,302,37||2013-06-24,6.5,10,10,296,39||2013-06-25,0.7,8,11,119,31||
Aberdovey,52.543963,-4.046093||2013-06-19,0.1,9,17,113,17||2013-06-20,15.0,11,17,302,13||2013-06-21,2.2,11,16,263,24||2013-06-22,16.4,10,15,296,48||2013-06-23,9.6,8,14,353,36||2013-06-24,1.8,8,10,353,30||2013-06-25,0.5,7,11,113,14||
Aberfeldy,56.621752,-3.866969||2013-06-19,0.2,4,16,113,21||2013-06-20,1.2,10,16,263,11||2013-06-21,6.8,8,16,353,15||2013-06-22,23.0,7,11,302,18||2013-06-23,11.8,7,13,302,24||2013-06-24,3.5,7,12,263,24||2013-06-25,0.4,1,12,116,12||
Abergavenny,51.825366,-3.019423||2013-06-19,0.3,9,22,113,14||2013-06-20,8.7,11,16,296,13||2013-06-21,3.2,11,15,263,21||2013-06-22,10.7,9,14,353,39||2013-06-23,2.0,9,15,353,27||2013-06-24,0.5,6,13,353,21||2013-06-25,1.1,8,14,113,13||
Abergele,53.284355,-3.581405||2013-06-19,0.0,9,16,116,17||2013-06-20,18.2,11,17,299,10||2013-06-21,2.5,11,16,266,18||2013-06-22,21.6,11,17,356,46||2013-06-23,11.8,10,13,353,37||2013-06-24,2.7,9,10,353,33||2013-06-25,0.3,8,11,113,21||
Aberlour,57.474911,-3.216983||2013-06-19,0.2,7,16,116,20||2013-06-20,0.6,11,17,116,13||2013-06-21,9.0,8,16,353,19||2013-06-22,33.6,7,10,302,24||2013-06-23,31.7,7,11,302,27||2013-06-24,15.1,7,9,296,27||2013-06-25,1.4,3,9,119,18||
Abertillery,51.732161,-3.135369||2013-06-19,0.2,10,21,113,14||2013-06-20,7.7,11,16,296,13||2013-06-21,3.2,11,15,266,22||2013-06-22,10.7,9,13,353,40||2013-06-23,2.1,9,14,353,28||2013-06-24,0.4,7,13,353,22||2013-06-25,0.7,9,14,113,13||
Aberystwyth,52.415303,-4.08292||2013-06-19,0.1,11,17,113,18||2013-06-20,16.5,11,16,302,13||2013-06-21,2.4,10,16,263,24||2013-06-22,17.1,10,15,296,46||2013-06-23,8.0,8,14,176,35||2013-06-24,1.2,8,10,353,30||2013-06-25,0.4,7,11,113,15||
Abingdon,51.67078,-1.2879529||2013-06-19,0.0,14,25,116,13||2013-06-20,4.3,12,18,266,13||2013-06-21,1.5,11,18,353,23||2013-06-22,13.0,8,15,353,35||2013-06-23,3.3,9,15,353,28||2013-06-24,1.4,5,13,353,19||2013-06-25,0.0,7,14,113,14||
Aboyne,57.076668,-2.780312||2013-06-19,0.3,5,17,116,15||2013-06-20,1.2,11,16,119,14||2013-06-21,9.2,7,16,119,13||2013-06-22,28.5,7,11,302,22||2013-06-23,26.4,8,12,302,26||2013-06-24,5.8,7,10,263,28||2013-06-25,0.8,3,10,116,21||
Accrington,53.753609,-2.37218||2013-06-19,0.0,8,19,116,17||2013-06-20,8.5,11,16,302,12||2013-06-21,3.1,9,17,266,19||2013-06-22,21.9,9,15,353,30||2013-06-23,7.9,8,12,296,30||2013-06-24,1.2,7,13,353,27||2013-06-25,0.3,3,14,116,19||
Acharacle,56.744487,-5.79764||2013-06-19,1.6,11,13,353,28||2013-06-20,0.3,10,16,116,20||2013-06-21,4.0,10,15,266,21||2013-06-22,13.0,10,13,296,27||2013-06-23,6.5,10,11,266,44||2013-06-24,0.6,9,11,119,32||2013-06-25,0.0,9,11,113,21||
Achnasheen,57.581087,-5.082511||2013-06-19,1.3,8,13,353,24||2013-06-20,2.0,10,15,122,12||2013-06-21,6.6,6,13,296,18||2013-06-22,20.1,7,11,302,12||2013-06-23,27.9,7,11,302,22||2013-06-24,8.1,7,9,296,18||2013-06-25,0.4,1,10,116,12||
Addlestone,51.369813,-0.488641||2013-06-19,4.2,15,27,116,10||2013-06-20,3.6,12,19,266,14||2013-06-21,0.5,11,19,122,24||2013-06-22,11.8,8,14,293,36||2013-06-23,3.0,9,15,353,26||2013-06-24,1.7,6,14,353,19||2013-06-25,0.1,8,15,113,14||
Airdrie,55.866267,-3.962566||2013-06-19,0.2,7,16,113,20||2013-06-20,1.1,11,18,116,6||2013-06-21,5.2,10,16,263,17||2013-06-22,23.6,8,12,302,18||2013-06-23,6.7,7,12,266,19||2013-06-24,3.7,5,14,263,19||2013-06-25,0.4,6,14,116,9||
Alcester,52.215311,-1.867605||2013-06-19,0.0,11,24,113,14||2013-06-20,6.2,13,17,266,12||2013-06-21,1.9,11,18,353,23||2013-06-22,16.6,8,16,353,34||2013-06-23,4.1,9,15,353,26||2013-06-24,1.4,5,13,353,21||2013-06-25,0.6,8,13,113,13||
Aldeburgh,52.155357,1.600446||2013-06-19,1.5,12,19,116,18||2013-06-20,3.8,13,16,299,23||2013-06-21,5.0,11,17,266,28||2013-06-22,13.7,10,15,266,46||2013-06-23,2.3,11,14,353,43||2013-06-24,3.7,10,14,296,28||2013-06-25,0.9,11,14,119,23||
Alderley Edge,53.301554,-2.237216||2013-06-19,0.0,9,20,116,17||2013-06-20,6.2,12,15,302,13||2013-06-21,3.6,10,15,353,19||2013-06-22,22.0,9,16,299,32||2013-06-23,7.4,9,13,353,25||2013-06-24,1.6,7,13,353,27||2013-06-25,0.3,4,14,116,18||
Aldershot,51.248366,-0.7557509||2013-06-19,3.4,15,26,116,10||2013-06-20,4.2,12,19,266,14||2013-06-21,0.9,11,18,119,24||2013-06-22,12.1,8,15,293,38||2013-06-23,3.1,9,15,353,26||2013-06-24,1.1,6,14,353,18||2013-06-25,0.1,8,14,113,14||
Alexandria,55.9887061,-4.5789271||2013-06-19,0.7,6,15,353,22||2013-06-20,0.9,11,16,266,10||2013-06-21,5.8,11,16,353,14||2013-06-22,25.6,8,12,302,20||2013-06-23,9.5,7,12,119,26||2013-06-24,2.7,5,14,263,23||2013-06-25,0.0,8,14,116,11||
Alford,53.263271,0.183359||2013-06-19,1.5,12,18,116,13||2013-06-20,0.8,12,17,116,21||2013-06-21,4.1,10,18,293,22||2013-06-22,17.2,10,17,296,44||2013-06-23,4.7,11,14,353,45||2013-06-24,5.3,10,12,266,23||2013-06-25,2.2,10,12,119,20||
Alfreton,53.09745,-1.382256||2013-06-19,0.3,11,23,113,17||2013-06-20,2.4,13,16,263,15||2013-06-21,2.6,11,17,353,22||2013-06-22,19.0,9,16,302,35||2013-06-23,3.8,10,14,353,27||2013-06-24,1.9,6,14,119,26||2013-06-25,1.1,8,15,116,18||
Alloa,56.114073,-3.791896||2013-06-19,0.2,6,16,113,21||2013-06-20,1.1,11,18,263,7||2013-06-21,5.1,9,17,353,17||2013-06-22,17.9,8,12,302,16||2013-06-23,6.4,6,12,263,21||2013-06-24,4.1,5,14,263,19||2013-06-25,0.3,5,14,116,9||
Alness,57.695955,-4.256825||2013-06-19,0.5,7,16,113,24||2013-06-20,1.1,10,18,116,12||2013-06-21,4.4,7,16,263,22||2013-06-22,18.6,8,11,296,17||2013-06-23,20.7,8,11,296,23||2013-06-24,9.5,7,11,296,21||2013-06-25,0.4,1,12,119,13||
Alnwick,55.412744,-1.706299||2013-06-19,0.0,7,18,119,10||2013-06-20,3.8,9,17,119,17||2013-06-21,2.9,9,19,122,18||2013-06-22,11.9,9,14,296,27||2013-06-23,12.2,10,12,266,30||2013-06-24,3.4,10,12,119,30||2013-06-25,0.3,5,14,119,20||
Alresford,51.849145,1.002191||2013-06-19,0.9,13,23,116,13||2013-06-20,2.1,14,16,296,17||2013-06-21,1.1,10,16,353,21||2013-06-22,12.4,9,17,389,36||2013-06-23,2.5,10,14,353,29||2013-06-24,4.1,10,15,266,22||2013-06-25,0.7,10,15,116,18||
Alston,54.812167,-2.438685||2013-06-19,0.1,4,16,113,18||2013-06-20,11.3,8,14,296,12||2013-06-21,4.2,7,12,266,20||2013-06-22,21.1,5,11,296,22||2013-06-23,9.9,6,10,296,24||2013-06-24,3.2,5,11,266,20||2013-06-25,3.2,6,11,353,11||
Alton,51.150719,-0.973177||2013-06-19,3.9,15,26,116,10||2013-06-20,5.7,13,19,266,13||2013-06-21,1.1,11,18,119,24||2013-06-22,13.0,9,14,293,40||2013-06-23,3.3,9,15,353,26||2013-06-24,0.7,6,14,353,18||2013-06-25,0.1,9,14,113,13||
Altrincham,53.39018,-2.350904||2013-06-19,0.0,9,20,116,17||2013-06-20,6.2,12,15,302,13||2013-06-21,3.6,10,15,353,19||2013-06-22,22.0,9,16,299,32||2013-06-23,7.4,9,13,353,25||2013-06-24,1.6,7,13,353,27||2013-06-25,0.3,4,14,116,18||
Alva,56.152958,-3.799375||2013-06-19,0.2,6,16,113,21||2013-06-20,1.1,11,18,263,7||2013-06-21,5.1,9,17,353,17||2013-06-22,17.9,8,12,302,16||2013-06-23,6.4,6,12,263,21||2013-06-24,4.1,5,14,263,19||2013-06-25,0.3,5,14,116,9||
Ambleside,54.428736,-2.961333||2013-06-19,0.0,5,14,113,14||2013-06-20,10.5,9,15,263,12||2013-06-21,4.3,7,12,296,20||2013-06-22,23.6,7,12,353,34||2013-06-23,7.1,6,11,296,29||2013-06-24,1.0,6,11,266,27||2013-06-25,0.3,5,13,116,16||
Amersham,51.6755179,-0.607241||2013-06-19,1.5,15,26,119,13||2013-06-20,1.5,12,19,266,15||2013-06-21,0.6,11,20,122,23||2013-06-22,12.2,8,15,296,32||2013-06-23,3.2,10,15,353,28||2013-06-24,3.5,6,13,353,21||2013-06-25,0.0,6,13,113,15||
Amlwch,53.410658,-4.345693||2013-06-19,0.1,12,17,113,17||2013-06-20,7.2,11,16,293,10||2013-06-21,1.6,11,16,116,28||2013-06-22,17.2,11,15,356,52||2013-06-23,10.9,11,13,353,41||2013-06-24,2.7,10,11,119,40||2013-06-25,0.1,11,12,113,19||
Ammanford,51.792888,-3.988459||2013-06-19,0.0,10,18,113,20||2013-06-20,18.4,11,15,302,15||2013-06-21,4.2,10,15,263,27||2013-06-22,17.8,11,16,296,46||2013-06-23,7.2,9,14,353,32||2013-06-24,0.7,10,12,116,26||2013-06-25,0.0,9,12,113,14||
Andover,51.2111975,-1.4919233||2013-06-19,1.5,15,26,116,11||2013-06-20,6.7,13,18,266,13||2013-06-21,1.6,11,17,263,21||2013-06-22,12.0,8,14,266,37||2013-06-23,3.0,9,15,353,24||2013-06-24,0.5,5,14,353,18||2013-06-25,0.0,9,15,116,13||
Annan,54.990246,-3.259773||2013-06-19,0.0,3,18,113,16||2013-06-20,3.6,10,19,113,11||2013-06-21,2.5,10,16,266,19||2013-06-22,14.4,9,14,296,24||2013-06-23,4.7,8,14,266,24||2013-06-24,0.6,5,15,266,22||2013-06-25,3.7,6,15,116,11||
Anstruther,56.22298,-2.700539||2013-06-19,0.0,9,17,113,24||2013-06-20,1.3,10,16,116,17||2013-06-21,3.8,9,16,119,18||2013-06-22,15.4,9,14,302,30||2013-06-23,16.0,9,13,302,30||2013-06-24,4.1,10,12,122,30||2013-06-25,0.0,7,13,116,20||
Antrim,54.71363,-6.21428||2013-06-19,0.3,5,15,119,12||2013-06-20,1.8,11,17,266,13||2013-06-21,5.5,10,17,353,14||2013-06-22,27.9,9,13,296,30||2013-06-23,3.3,9,13,296,31||2013-06-24,0.3,6,12,116,26||2013-06-25,0.0,6,12,113,13||
Appin,56.561684,-5.3587619||2013-06-19,1.7,7,13,353,19||2013-06-20,0.8,11,14,122,12||2013-06-21,7.0,7,14,353,11||2013-06-22,18.8,7,9,302,14||2013-06-23,7.5,7,9,353,24||2013-06-24,1.2,6,11,353,22||2013-06-25,0.0,6,11,116,13||
Appleby-in-Westmorland,54.578302,-2.489614||2013-06-19,0.1,2,18,113,17||2013-06-20,12.9,9,15,296,12||2013-06-21,4.4,9,14,266,20||2013-06-22,22.1,8,14,353,22||2013-06-23,10.0,7,12,296,25||2013-06-24,3.5,6,12,266,20||2013-06-25,3.0,8,13,353,11||
Arbroath,56.559107,-2.591543||2013-06-19,0.0,8,17,113,24||2013-06-20,1.1,11,16,116,15||2013-06-21,4.3,9,17,119,16||2013-06-22,14.4,9,14,302,30||2013-06-23,16.0,9,12,302,30||2013-06-24,3.7,10,11,119,32||2013-06-25,0.0,7,12,116,21||
Ardgay,57.881213,-4.363214||2013-06-19,0.8,7,16,116,24||2013-06-20,1.9,10,17,119,11||2013-06-21,6.2,6,15,296,21||2013-06-22,18.4,8,10,302,16||2013-06-23,24.9,8,10,296,23||2013-06-24,11.0,7,10,296,21||2013-06-25,0.4,2,10,119,14||
Ardrossan,55.643889,-4.81182||2013-06-19,0.3,9,15,116,21||2013-06-20,0.7,12,17,263,10||2013-06-21,3.9,10,16,353,15||2013-06-22,25.8,10,14,302,34||2013-06-23,5.5,9,13,119,35||2013-06-24,0.8,8,12,116,30||2013-06-25,0.0,9,13,113,18||
Arisaig,56.909856,-5.843095||2013-06-19,2.0,10,13,353,26||2013-06-20,0.5,8,16,119,17||2013-06-21,4.5,8,15,296,15||2013-06-22,13.4,9,13,302,19||2013-06-23,8.0,9,11,266,33||2013-06-24,0.6,8,10,119,25||2013-06-25,0.0,7,10,113,18||
Arlesey,52.015347,-0.26326||2013-06-19,1.1,14,25,119,12||2013-06-20,1.5,13,18,266,17||2013-06-21,0.8,11,19,122,24||2013-06-22,13.9,8,15,389,30||2013-06-23,3.5,9,14,353,29||2013-06-24,4.9,6,13,266,21||2013-06-25,0.0,7,13,113,15||
Armagh,54.34875,-6.65161||2013-06-19,0.3,5,16,119,14||2013-06-20,2.1,11,16,263,12||2013-06-21,5.5,9,16,353,17||2013-06-22,27.1,8,13,296,29||2013-06-23,2.8,7,12,296,27||2013-06-24,0.1,3,13,116,22||2013-06-25,0.1,3,14,113,9||
Arrochar,56.197685,-4.747293||2013-06-19,0.8,6,14,176,20||2013-06-20,1.2,11,15,263,10||2013-06-21,7.1,9,15,266,12||2013-06-22,24.4,8,11,302,15||2013-06-23,9.4,6,12,266,22||2013-06-24,3.5,4,13,263,21||2013-06-25,0.3,5,14,116,9||
Arthog,52.711596,-4.009899||2013-06-19,0.1,8,18,116,13||2013-06-20,19.9,10,14,302,10||2013-06-21,2.8,9,15,353,20||2013-06-22,18.6,9,14,353,35||2013-06-23,10.8,7,13,353,28||2013-06-24,3.1,7,11,353,23||2013-06-25,0.9,4,12,113,13||
Arundel,50.855171,-0.555119||2013-06-19,5.9,13,23,116,10||2013-06-20,7.8,13,18,263,17||2013-06-21,0.3,11,17,119,31||2013-06-22,13.0,10,15,263,48||2013-06-23,2.0,10,15,353,34||2013-06-24,0.8,9,13,353,22||2013-06-25,0.1,10,14,113,18||
Ascot,51.4091845,-0.6725824||2013-06-19,2.9,15,26,116,12||2013-06-20,3.0,12,19,266,14||2013-06-21,0.7,11,19,122,23||2013-06-22,11.4,8,15,293,36||2013-06-23,2.9,10,15,353,26||2013-06-24,1.6,6,14,353,19||2013-06-25,0.0,8,14,113,14||
Ashbourne,53.016626,-1.732179||2013-06-19,0.1,9,22,113,18||2013-06-20,4.0,13,15,296,15||2013-06-21,3.1,10,16,353,22||2013-06-22,21.7,9,14,302,33||2013-06-23,4.9,9,13,353,25||2013-06-24,2.0,6,13,353,27||2013-06-25,0.6,7,13,116,17||
Ashby-de-la-Zouch,52.749212,-1.468618||2013-06-19,0.1,11,23,113,17||2013-06-20,3.6,14,16,263,14||2013-06-21,2.2,11,17,353,23||2013-06-22,19.9,9,15,302,34||2013-06-23,4.1,9,14,353,26||2013-06-24,2.4,6,13,353,26||2013-06-25,0.4,8,14,116,17||
Ashford,51.1464659,0.875019||2013-06-19,3.7,13,21,113,19||2013-06-20,3.0,12,18,266,17||2013-06-21,0.4,11,17,119,33||2013-06-22,11.4,10,15,296,48||2013-06-23,1.6,11,14,353,36||2013-06-24,2.6,11,13,266,25||2013-06-25,0.6,11,14,113,19||
Ashington,55.182978,-1.5659829||2013-06-19,0.1,7,19,122,9||2013-06-20,4.8,9,16,263,17||2013-06-21,1.6,10,16,119,19||2013-06-22,8.6,9,17,266,27||2013-06-23,7.3,10,14,266,31||2013-06-24,3.3,11,14,116,28||2013-06-25,0.4,6,14,119,20||
Ashtead,51.310684,-0.296968||2013-06-19,5.2,14,27,116,10||2013-06-20,3.5,13,19,266,14||2013-06-21,0.3,11,19,122,24||2013-06-22,11.9,9,14,296,35||2013-06-23,2.9,10,15,353,27||2013-06-24,1.9,7,14,353,19||2013-06-25,0.1,9,15,113,14||
Ashton-under-Lyne,53.494245,-2.104057||2013-06-19,0.0,9,20,116,18||2013-06-20,6.2,12,15,302,13||2013-06-21,4.1,10,15,266,20||2013-06-22,23.1,9,15,302,31||2013-06-23,8.0,9,13,296,26||2013-06-24,1.7,7,13,353,27||2013-06-25,0.4,3,14,116,19||
Askam-in-Furness,54.189047,-3.203934||2013-06-19,0.0,10,15,113,18||2013-06-20,10.0,11,17,293,11||2013-06-21,2.6,11,16,266,21||2013-06-22,21.8,11,17,353,48||2013-06-23,7.1,10,12,296,39||2013-06-24,0.3,10,11,119,36||2013-06-25,0.0,10,11,116,24||
Atherstone,52.576614,-1.543763||2013-06-19,0.1,12,23,113,15||2013-06-20,4.4,14,18,119,12||2013-06-21,1.5,11,19,353,25||2013-06-22,18.2,8,16,389,31||2013-06-23,3.8,9,15,353,26||2013-06-24,2.7,5,13,353,24||2013-06-25,0.1,8,13,116,15||
Attleborough,52.518064,1.015527||2013-06-19,0.9,13,23,119,11||2013-06-20,1.6,13,17,293,15||2013-06-21,4.9,11,17,353,19||2013-06-22,18.0,8,16,296,27||2013-06-23,4.2,10,14,353,27||2013-06-24,4.5,8,16,296,21||2013-06-25,2.5,8,17,353,14||
Auchterarder,56.300621,-3.700041||2013-06-19,0.1,6,16,113,21||2013-06-20,1.3,11,17,263,8||2013-06-21,5.5,9,17,263,17||2013-06-22,16.5,7,12,302,17||2013-06-23,7.0,7,12,293,21||2013-06-24,3.6,6,14,263,21||2013-06-25,0.2,3,14,116,11||
Augher,54.42792,-7.13232||2013-06-19,0.4,6,14,116,15||2013-06-20,2.4,10,14,263,13||2013-06-21,6.1,8,14,353,16||2013-06-22,25.5,8,12,296,32||2013-06-23,2.7,8,12,296,27||2013-06-24,0.2,4,13,116,20||2013-06-25,0.1,4,14,113,12||
Aughnacloy,54.41336,-6.97469||2013-06-19,0.3,5,16,116,15||2013-06-20,2.4,11,16,263,13||2013-06-21,5.9,9,16,353,17||2013-06-22,26.1,8,13,296,32||2013-06-23,2.5,7,13,353,27||2013-06-24,0.2,3,14,116,21||2013-06-25,0.2,3,15,113,10||
Aviemore,57.19449,-3.823812||2013-06-19,0.4,6,15,113,22||2013-06-20,0.8,10,16,116,14||2013-06-21,7.0,8,15,353,19||2013-06-22,28.8,7,10,302,20||2013-06-23,19.4,7,11,296,26||2013-06-24,7.6,7,10,296,24||2013-06-25,0.8,0,10,116,14||
Avoch,57.566687,-4.174667||2013-06-19,0.2,8,16,113,23||2013-06-20,0.5,10,18,119,12||2013-06-21,3.8,7,17,353,22||2013-06-22,19.9,8,11,296,19||2013-06-23,18.7,8,11,296,23||2013-06-24,9.1,7,11,296,21||2013-06-25,0.4,0,11,119,13||
Axbridge,51.28442,-2.819352||2013-06-19,0.2,11,23,113,13||2013-06-20,3.9,12,17,296,15||2013-06-21,2.8,10,16,266,21||2013-06-22,9.3,10,15,353,41||2013-06-23,2.3,10,15,353,28||2013-06-24,0.2,8,14,116,21||2013-06-25,0.1,9,14,113,13||
Axminster,50.782727,-2.994937||2013-06-19,1.0,13,21,113,13||2013-06-20,3.5,11,15,296,17||2013-06-21,2.4,11,16,263,28||2013-06-22,8.6,11,14,266,49||2013-06-23,2.4,11,15,353,32||2013-06-24,0.1,9,13,116,25||2013-06-25,0.0,10,13,116,14||
Aylesbury,51.815606,-0.8084||2013-06-19,0.4,14,25,116,12||2013-06-20,2.3,12,19,266,14||2013-06-21,0.9,11,19,122,23||2013-06-22,13.6,8,15,296,31||2013-06-23,3.5,9,15,353,29||2013-06-24,3.2,5,13,353,20||2013-06-25,0.0,6,14,113,15||
Aylesford,51.304309,0.47806||2013-06-19,2.7,13,26,113,13||2013-06-20,1.4,13,18,266,15||2013-06-21,0.7,10,19,116,27||2013-06-22,11.2,9,15,296,36||2013-06-23,2.0,10,14,353,29||2013-06-24,3.2,9,14,266,19||2013-06-25,1.0,9,15,113,15||
Ayr,55.458564,-4.629179||2013-06-19,0.1,8,15,113,20||2013-06-20,0.8,12,18,263,10||2013-06-21,3.7,10,16,266,15||2013-06-22,30.2,9,14,302,35||2013-06-23,4.3,10,14,266,33||2013-06-24,0.4,8,12,116,29||2013-06-25,0.2,8,13,113,17||
Bacup,53.707167,-2.201259||2013-06-19,0.0,10,20,113,18||2013-06-20,7.0,11,15,302,13||2013-06-21,3.8,9,15,266,20||2013-06-22,23.1,9,15,302,31||2013-06-23,8.5,8,12,296,28||2013-06-24,1.9,7,13,353,27||2013-06-25,0.5,4,14,116,18||
Badminton,51.5662054,-2.2975017||2013-06-19,0.1,11,24,116,15||2013-06-20,6.9,12,17,296,15||2013-06-21,2.3,11,17,266,21||2013-06-22,12.1,8,15,353,35||2013-06-23,3.7,9,15,353,27||2013-06-24,0.7,5,13,353,18||2013-06-25,0.3,8,14,113,13||
Bagillt,53.267912,-3.174352||2013-06-19,0.1,10,17,116,15||2013-06-20,15.8,11,15,302,8||2013-06-21,2.6,9,17,353,17||2013-06-22,20.0,9,17,353,34||2013-06-23,9.4,9,13,353,29||2013-06-24,2.3,8,11,266,27||2013-06-25,0.3,4,11,113,17||
Bagshot,51.360343,-0.697894||2013-06-19,2.9,15,26,116,12||2013-06-20,3.0,12,19,266,14||2013-06-21,0.7,11,19,122,23||2013-06-22,11.4,8,15,293,36||2013-06-23,2.9,10,15,353,26||2013-06-24,1.6,6,14,353,19||2013-06-25,0.0,8,14,113,14||
Bakewell,53.215207,-1.676171||2013-06-19,0.0,9,20,113,17||2013-06-20,5.1,11,14,293,14||2013-06-21,4.0,9,14,353,21||2013-06-22,23.4,8,14,302,32||2013-06-23,7.0,8,12,353,26||2013-06-24,2.1,6,13,353,27||2013-06-25,0.6,5,13,116,18||
Bala,52.909834,-3.601542||2013-06-19,0.2,7,19,353,12||2013-06-20,23.4,11,14,308,6||2013-06-21,3.7,10,14,353,17||2013-06-22,21.4,8,15,353,25||2013-06-23,11.3,8,13,353,24||2013-06-24,3.8,4,11,266,20||2013-06-25,0.8,0,12,113,12||
Baldock,51.9895039,-0.189128||2013-06-19,1.1,14,25,119,12||2013-06-20,1.5,13,18,266,17||2013-06-21,0.8,11,19,122,24||2013-06-22,13.9,8,15,389,30||2013-06-23,3.5,9,14,353,29||2013-06-24,4.9,6,13,266,21||2013-06-25,0.0,7,13,113,15||
Balerno,55.885715,-3.342351||2013-06-19,0.0,7,17,113,21||2013-06-20,2.0,11,19,116,10||2013-06-21,5.9,10,17,266,21||2013-06-22,19.3,8,12,302,20||2013-06-23,9.2,8,13,296,21||2013-06-24,4.1,7,12,266,21||2013-06-25,0.5,5,12,119,12||
Ballachulish,56.673927,-5.13372||2013-06-19,1.2,6,12,353,18||2013-06-20,1.0,9,13,119,10||2013-06-21,7.9,6,13,353,11||2013-06-22,21.7,6,8,302,11||2013-06-23,8.6,5,8,266,19||2013-06-24,2.4,5,10,266,19||2013-06-25,0.3,5,10,116,9||
Ballater,57.05003,-3.036649||2013-06-19,0.4,4,16,116,18||2013-06-20,1.4,10,15,119,14||2013-06-21,10.7,6,16,353,13||2013-06-22,33.9,7,10,308,22||2013-06-23,27.4,7,11,302,25||2013-06-24,5.3,7,9,263,27||2013-06-25,0.9,1,10,116,19||
Ballindalloch,57.4122222,-3.3683333||2013-06-19,0.2,7,16,116,20||2013-06-20,0.6,11,17,116,13||2013-06-21,9.0,8,16,353,19||2013-06-22,33.6,7,10,302,24||2013-06-23,31.7,7,11,302,27||2013-06-24,15.1,7,9,296,27||2013-06-25,1.4,3,9,119,18||
Ballycastle,55.20143,-6.25518||2013-06-19,0.1,10,14,116,17||2013-06-20,1.6,11,16,263,18||2013-06-21,6.1,10,16,353,20||2013-06-22,23.8,11,11,296,44||2013-06-23,4.1,10,13,296,48||2013-06-24,0.9,9,11,116,38||2013-06-25,0.0,10,12,113,24||
Ballyclare,54.75151,-5.99968||2013-06-19,0.3,6,14,116,12||2013-06-20,1.8,11,16,266,14||2013-06-21,6.1,9,16,353,15||2013-06-22,28.2,9,12,296,34||2013-06-23,3.7,10,12,296,35||2013-06-24,0.7,7,11,116,29||2013-06-25,0.0,7,12,113,16||
Ballymena,54.86538,-6.28038||2013-06-19,0.4,7,15,116,13||2013-06-20,2.0,10,16,263,14||2013-06-21,6.0,10,17,353,15||2013-06-22,27.7,9,12,296,34||2013-06-23,4.1,10,13,296,34||2013-06-24,0.7,7,11,116,29||2013-06-25,0.0,6,11,113,16||
Ballymoney,55.07203,-6.51699||2013-06-19,0.2,9,14,119,19||2013-06-20,2.0,11,16,116,17||2013-06-21,5.1,10,16,353,18||2013-06-22,23.4,11,12,296,40||2013-06-23,4.1,9,13,296,42||2013-06-24,1.0,9,12,116,31||2013-06-25,0.0,9,14,113,19||
Ballynahinch,54.40392,-5.89403||2013-06-19,0.4,5,16,119,11||2013-06-20,1.5,11,16,296,11||2013-06-21,5.4,10,17,353,13||2013-06-22,28.5,9,13,296,28||2013-06-23,3.0,8,13,296,31||2013-06-24,0.4,5,13,116,25||2013-06-25,0.0,6,13,113,12||
Bamburgh,55.607884,-1.713559||2013-06-19,0.0,8,18,116,12||2013-06-20,3.2,10,17,116,17||2013-06-21,2.6,10,19,122,18||2013-06-22,12.5,9,14,296,30||2013-06-23,13.8,9,11,296,35||2013-06-24,4.3,10,12,119,34||2013-06-25,0.2,6,13,119,24||
Bampton,51.723453,-1.549105||2013-06-19,0.1,13,24,116,14||2013-06-20,5.6,13,18,266,14||2013-06-21,1.7,11,17,266,23||2013-06-22,13.5,8,16,353,35||2013-06-23,3.5,9,15,353,28||2013-06-24,1.2,4,13,353,19||2013-06-25,0.0,7,14,113,13||
Banbridge,54.34897,-6.26978||2013-06-19,0.3,5,16,116,13||2013-06-20,1.7,11,17,266,11||2013-06-21,5.5,9,17,353,15||2013-06-22,27.6,8,13,296,28||2013-06-23,2.8,9,13,296,29||2013-06-24,0.1,5,12,116,23||2013-06-25,0.0,5,12,113,10||
Banbury,52.0629009,-1.339775||2013-06-19,0.1,12,24,116,14||2013-06-20,4.4,13,18,266,12||2013-06-21,1.4,11,18,353,24||2013-06-22,15.2,8,16,353,30||2013-06-23,3.8,9,15,353,29||2013-06-24,2.4,5,13,353,21||2013-06-25,0.0,7,13,113,14||
Banchory,57.053856,-2.49096||2013-06-19,0.3,5,18,113,14||2013-06-20,0.7,11,16,119,15||2013-06-21,6.8,8,17,122,15||2013-06-22,19.3,8,12,302,23||2013-06-23,21.3,8,13,302,28||2013-06-24,3.4,8,11,263,31||2013-06-25,0.5,4,12,119,24||
Banff,57.666505,-2.524038||2013-06-19,0.2,8,17,113,17||2013-06-20,0.2,10,17,116,18||2013-06-21,7.4,9,18,266,21||2013-06-22,24.5,10,14,302,24||2013-06-23,33.1,10,12,389,39||2013-06-24,19.1,10,11,296,38||2013-06-25,3.5,8,12,266,29||
Bangor,53.22739,-4.129263||2013-06-19,0.1,10,16,113,15||2013-06-20,12.3,11,15,299,9||2013-06-21,2.0,11,16,353,24||2013-06-22,18.5,11,15,353,43||2013-06-23,12.4,10,13,353,36||2013-06-24,3.6,9,11,263,33||2013-06-25,0.3,7,12,113,17||
Banstead,51.3221909,-0.205046||2013-06-19,5.5,14,27,116,11||2013-06-20,2.0,13,20,266,15||2013-06-21,0.6,11,20,122,24||2013-06-22,11.3,8,14,296,31||2013-06-23,2.7,10,14,353,27||2013-06-24,2.8,7,14,353,19||2013-06-25,0.3,9,14,113,15||
Banwell,51.325992,-2.863389||2013-06-19,0.2,11,23,113,13||2013-06-20,3.9,12,17,296,15||2013-06-21,2.8,10,16,266,21||2013-06-22,9.3,10,15,353,41||2013-06-23,2.3,10,15,353,28||2013-06-24,0.2,8,14,116,21||2013-06-25,0.1,9,14,113,13||
Bargoed,51.684912,-3.229699||2013-06-19,0.2,10,22,113,14||2013-06-20,8.4,10,16,296,14||2013-06-21,3.6,11,15,266,22||2013-06-22,11.4,9,14,266,40||2013-06-23,2.3,10,14,353,29||2013-06-24,0.4,7,13,353,23||2013-06-25,0.5,8,14,113,14||
Barking,51.536563,0.075766||2013-06-19,5.1,13,26,119,12||2013-06-20,1.1,12,20,266,16||2013-06-21,0.7,11,20,122,23||2013-06-22,10.5,8,15,296,33||2013-06-23,2.6,10,14,353,27||2013-06-24,3.9,6,15,353,20||2013-06-25,0.2,8,16,113,16||
Barmouth,52.722873,-4.0560919||2013-06-19,0.1,8,18,116,13||2013-06-20,19.9,10,14,302,10||2013-06-21,2.8,9,15,353,20||2013-06-22,18.6,9,14,353,35||2013-06-23,10.8,7,13,353,28||2013-06-24,3.1,7,11,353,23||2013-06-25,0.9,4,12,113,13||
Barnard Castle,54.545284,-1.923741||2013-06-19,0.2,3,20,116,17||2013-06-20,10.8,9,15,296,13||2013-06-21,2.9,9,15,266,22||2013-06-22,16.9,8,15,353,22||2013-06-23,8.8,7,13,296,26||2013-06-24,4.0,7,14,266,19||2013-06-25,3.3,7,15,353,10||
Barnet,51.6444,-0.1997||2013-06-19,3.2,14,26,119,12||2013-06-20,1.1,12,19,266,16||2013-06-21,0.6,11,19,122,24||2013-06-22,11.9,8,15,296,31||2013-06-23,3.0,9,14,353,27||2013-06-24,4.1,6,14,353,21||2013-06-25,0.0,8,14,113,16||
Barnetby,53.571456,-0.403125||2013-06-19,0.4,12,23,116,6||2013-06-20,0.8,11,16,116,15||2013-06-21,3.6,11,16,263,16||2013-06-22,17.5,9,15,296,30||2013-06-23,5.8,10,14,353,29||2013-06-24,4.6,9,15,266,17||2013-06-25,1.8,8,16,353,15||
Barnoldswick,53.913015,-2.186918||2013-06-19,0.0,9,19,113,18||2013-06-20,8.2,10,15,302,12||2013-06-21,3.3,9,17,266,20||2013-06-22,21.9,9,15,353,30||2013-06-23,8.2,8,12,296,30||2013-06-24,1.9,7,13,266,26||2013-06-25,0.6,3,14,116,18||
Barnsley,53.55263,-1.479726||2013-06-19,0.0,10,22,113,18||2013-06-20,2.5,11,15,296,14||2013-06-21,2.2,10,16,353,20||2013-06-22,19.0,9,15,302,35||2013-06-23,5.9,10,14,353,29||2013-06-24,1.9,7,15,122,26||2013-06-25,1.4,7,15,116,17||
Barnstaple,51.0781599,-4.058338||2013-06-19,0.0,10,20,116,20||2013-06-20,9.5,11,17,296,14||2013-06-21,3.9,10,15,266,24||2013-06-22,12.2,10,14,296,45||2013-06-23,6.6,11,14,353,35||2013-06-24,0.4,9,13,116,25||2013-06-25,0.2,9,13,113,15||
Barrow-in-Furness,54.108967,-3.218894||2013-06-19,0.0,10,15,113,18||2013-06-20,10.0,11,17,293,11||2013-06-21,2.6,11,16,266,21||2013-06-22,21.8,11,17,353,48||2013-06-23,7.1,10,12,296,39||2013-06-24,0.3,10,11,119,36||2013-06-25,0.0,10,11,116,24||
Barrow-upon-Humber,53.676332,-0.382574||2013-06-19,0.3,11,24,119,6||2013-06-20,0.7,10,16,116,14||2013-06-21,3.2,11,16,263,16||2013-06-22,17.3,9,16,296,27||2013-06-23,5.4,10,14,353,27||2013-06-24,4.9,9,15,266,16||2013-06-25,1.8,8,16,353,14||
Barry,51.3997529,-3.2825859||2013-06-19,0.1,10,23,113,13||2013-06-20,5.6,11,17,296,14||2013-06-21,3.5,10,16,266,24||2013-06-22,10.7,10,15,266,42||2013-06-23,2.3,10,15,353,31||2013-06-24,0.4,8,14,176,23||2013-06-25,0.1,8,15,113,14||
Barton-upon-Humber,53.686675,-0.443368||2013-06-19,0.3,11,24,119,6||2013-06-20,0.7,10,16,116,14||2013-06-21,3.2,11,16,263,16||2013-06-22,17.3,9,16,296,27||2013-06-23,5.4,10,14,353,27||2013-06-24,4.9,9,15,266,16||2013-06-25,1.8,8,16,353,14||
Basildon,51.576084,0.488736||2013-06-19,2.4,13,26,116,12||2013-06-20,1.1,13,19,266,16||2013-06-21,0.7,11,20,116,23||2013-06-22,9.8,8,14,296,36||2013-06-23,2.2,10,14,353,27||2013-06-24,4.4,8,14,266,20||2013-06-25,1.4,9,14,113,16||
Basingstoke,51.262551,-1.093609||2013-06-19,2.2,15,26,116,11||2013-06-20,4.8,13,18,266,14||2013-06-21,1.2,11,18,353,23||2013-06-22,12.3,8,15,293,39||2013-06-23,3.0,9,15,353,27||2013-06-24,0.8,5,14,353,18||2013-06-25,0.0,8,15,113,13||
Bath,51.375801,-2.3599039||2013-06-19,0.3,11,24,116,14||2013-06-20,6.2,12,17,296,15||2013-06-21,2.3,11,16,266,19||2013-06-22,10.9,8,14,353,34||2013-06-23,3.7,9,15,353,25||2013-06-24,0.4,6,14,119,18||2013-06-25,0.3,8,14,113,13||
Bathgate,55.9024,-3.643118||2013-06-19,0.0,7,16,113,21||2013-06-20,1.7,11,18,116,8||2013-06-21,5.7,10,17,266,19||2013-06-22,21.2,8,12,302,19||2013-06-23,7.5,7,12,266,19||2013-06-24,3.9,6,12,266,19||2013-06-25,0.8,6,12,116,10||
Batley,53.717028,-1.635083||2013-06-19,0.0,10,21,113,18||2013-06-20,4.5,11,15,293,13||2013-06-21,2.6,10,16,353,21||2013-06-22,19.4,9,15,302,32||2013-06-23,6.7,9,13,296,28||2013-06-24,2.0,7,14,353,26||2013-06-25,1.4,5,14,116,15||
Battle,50.917405,0.483679||2013-06-19,3.5,12,24,113,17||2013-06-20,2.3,13,19,266,16||2013-06-21,0.7,11,17,119,32||2013-06-22,13.0,10,15,296,43||2013-06-23,1.7,10,15,353,34||2013-06-24,1.7,10,14,266,21||2013-06-25,0.3,8,14,113,15||
Beaconsfield,51.602396,-0.6442409||2013-06-19,1.6,15,26,116,13||2013-06-20,1.9,12,20,266,15||2013-06-21,0.7,11,19,122,23||2013-06-22,11.1,8,15,293,35||2013-06-23,3.0,9,15,353,27||2013-06-24,2.1,5,14,353,20||2013-06-25,0.0,6,14,113,15||
Beaminster,50.810208,-2.743195||2013-06-19,1.0,13,21,113,13||2013-06-20,3.5,11,15,296,17||2013-06-21,2.4,11,16,263,28||2013-06-22,8.6,11,14,266,49||2013-06-23,2.4,11,15,353,32||2013-06-24,0.1,9,13,116,25||2013-06-25,0.0,10,13,116,14||
Beauly,57.483411,-4.460351||2013-06-19,0.7,7,15,116,23||2013-06-20,1.1,9,17,119,10||2013-06-21,3.8,7,15,353,17||2013-06-22,18.6,8,10,302,14||2013-06-23,18.3,7,11,296,20||2013-06-24,7.7,6,11,296,18||2013-06-25,0.2,-1,12,116,11||
Beaumaris,53.265865,-4.09199||2013-06-19,0.1,10,16,113,15||2013-06-20,12.3,11,15,299,9||2013-06-21,2.0,11,16,353,24||2013-06-22,18.5,11,15,353,43||2013-06-23,12.4,10,13,353,36||2013-06-24,3.6,9,11,263,33||2013-06-25,0.3,7,12,113,17||
Beaworthy,50.775016,-4.184284||2013-06-19,0.0,11,21,113,19||2013-06-20,6.6,10,16,296,14||2013-06-21,3.8,10,16,266,23||2013-06-22,12.6,9,14,266,42||2013-06-23,4.5,9,14,353,32||2013-06-24,0.2,8,14,116,24||2013-06-25,0.3,9,15,176,13||
Beccles,52.459333,1.566053||2013-06-19,2.1,12,19,116,17||2013-06-20,3.6,12,16,299,23||2013-06-21,10.7,11,18,353,24||2013-06-22,17.2,10,17,266,42||2013-06-23,2.8,11,14,353,44||2013-06-24,5.3,10,13,296,26||2013-06-25,2.1,10,14,353,22||
Beckenham,51.40817,-0.025813||2013-06-19,5.6,14,26,116,11||2013-06-20,1.7,13,19,266,15||2013-06-21,0.6,11,20,122,24||2013-06-22,11.1,8,14,296,32||2013-06-23,2.5,10,14,353,27||2013-06-24,3.0,7,14,353,19||2013-06-25,0.3,9,14,113,15||
Beckermet,54.447505,-3.516837||2013-06-19,0.0,8,15,113,15||2013-06-20,7.7,11,18,116,11||2013-06-21,3.4,10,14,296,22||2013-06-22,24.7,10,14,266,43||2013-06-23,5.6,9,13,296,35||2013-06-24,0.5,9,13,119,33||2013-06-25,0.1,7,14,116,20||
Bedale,54.2887008,-1.5933179||2013-06-19,0.2,8,22,119,13||2013-06-20,4.5,9,15,293,12||2013-06-21,1.0,10,16,119,22||2013-06-22,12.9,9,17,353,25||2013-06-23,4.9,8,14,296,26||2013-06-24,3.1,8,16,263,20||2013-06-25,2.2,6,16,353,12||
Bedford,52.1359729,-0.4666546||2013-06-19,0.4,13,24,119,10||2013-06-20,1.6,13,19,266,16||2013-06-21,1.2,11,20,119,24||2013-06-22,16.3,8,15,389,30||2013-06-23,3.4,10,15,353,28||2013-06-24,4.6,6,13,353,22||2013-06-25,0.0,6,14,116,15||
Bedlington,55.131664,-1.599454||2013-06-19,0.1,7,19,122,9||2013-06-20,4.8,9,16,263,17||2013-06-21,1.6,10,16,119,19||2013-06-22,8.6,9,17,266,27||2013-06-23,7.3,10,14,266,31||2013-06-24,3.3,11,14,116,28||2013-06-25,0.4,6,14,119,20||
Bedworth,52.481392,-1.468869||2013-06-19,0.1,12,23,113,15||2013-06-20,4.4,14,18,119,12||2013-06-21,1.5,11,19,353,25||2013-06-22,18.2,8,16,389,31||2013-06-23,3.8,9,15,353,26||2013-06-24,2.7,5,13,353,24||2013-06-25,0.1,8,13,116,15||
Beith,55.753797,-4.631787||2013-06-19,0.4,6,15,116,21||2013-06-20,1.1,12,17,266,8||2013-06-21,4.5,10,16,266,15||2013-06-22,25.6,8,12,302,20||2013-06-23,7.5,7,12,266,23||2013-06-24,2.8,5,14,263,21||2013-06-25,0.2,8,14,116,10||
Belfast,54.597285,-5.93012||2013-06-19,0.4,6,15,119,11||2013-06-20,1.5,11,17,266,11||2013-06-21,5.3,10,17,353,15||2013-06-22,27.7,10,13,296,33||2013-06-23,3.2,10,13,296,36||2013-06-24,0.5,7,11,116,28||2013-06-25,0.0,6,11,113,15||
Belford,55.599331,-1.828824||2013-06-19,0.0,8,18,116,12||2013-06-20,3.2,10,17,116,17||2013-06-21,2.6,10,19,122,18||2013-06-22,12.5,9,14,296,30||2013-06-23,13.8,9,11,296,35||2013-06-24,4.3,10,12,119,34||2013-06-25,0.2,6,13,119,24||
Bellshill,55.816761,-4.026536||2013-06-19,0.2,6,16,113,20||2013-06-20,1.4,11,18,116,6||2013-06-21,5.5,10,16,266,17||2013-06-22,27.4,8,12,302,19||2013-06-23,6.8,6,13,266,20||2013-06-24,3.2,4,14,263,20||2013-06-25,0.6,5,14,116,9||
Belper,53.0243899,-1.477616||2013-06-19,0.3,11,23,113,17||2013-06-20,2.4,13,16,263,15||2013-06-21,2.6,11,17,353,22||2013-06-22,19.0,9,16,302,35||2013-06-23,3.8,10,14,353,27||2013-06-24,1.9,6,14,119,26||2013-06-25,1.1,8,15,116,18||
Belvedere,51.485165,0.14827||2013-06-19,3.9,13,26,119,12||2013-06-20,1.1,12,19,266,16||2013-06-21,0.8,11,20,119,23||2013-06-22,10.2,8,15,296,35||2013-06-23,2.5,10,14,353,27||2013-06-24,4.0,7,14,266,20||2013-06-25,0.8,8,14,113,16||
Bembridge,50.685956,-1.0835189||2013-06-19,3.8,14,22,113,9||2013-06-20,7.3,12,17,263,17||2013-06-21,0.7,11,16,116,30||2013-06-22,12.3,10,15,263,51||2013-06-23,2.1,10,15,353,35||2013-06-24,0.2,9,13,119,24||2013-06-25,0.0,10,13,113,19||
Benfleet,51.5661671,0.5792812||2013-06-19,2.4,13,26,116,12||2013-06-20,1.1,13,19,266,16||2013-06-21,0.7,11,20,116,23||2013-06-22,9.8,8,14,296,36||2013-06-23,2.2,10,14,353,27||2013-06-24,4.4,8,14,266,20||2013-06-25,1.4,9,14,113,16||
Berkeley,51.690667,-2.456816||2013-06-19,0.0,10,24,113,15||2013-06-20,5.7,12,18,266,15||2013-06-21,2.1,11,16,263,20||2013-06-22,10.4,8,15,353,36||2013-06-23,3.5,9,16,353,27||2013-06-24,0.4,5,14,119,18||2013-06-25,0.5,8,14,113,12||
Berkhamsted,51.759766,-0.5678569||2013-06-19,1.5,15,26,119,13||2013-06-20,1.5,12,19,266,15||2013-06-21,0.6,11,20,122,23||2013-06-22,12.2,8,15,296,32||2013-06-23,3.2,10,15,353,28||2013-06-24,3.5,6,13,353,21||2013-06-25,0.0,6,13,113,15||
Berriedale,58.185819,-3.498801||2013-06-19,0.5,10,15,116,26||2013-06-20,0.3,11,16,116,17||2013-06-21,5.2,8,17,263,23||2013-06-22,14.4,9,13,296,32||2013-06-23,21.1,9,11,296,35||2013-06-24,10.5,9,9,296,34||2013-06-25,1.0,7,10,119,23||
Berwick-upon-Tweed,55.770242,-2.005395||2013-06-19,0.0,7,18,113,19||2013-06-20,2.0,10,17,113,20||2013-06-21,3.2,10,19,119,17||2013-06-22,14.7,9,14,296,32||2013-06-23,17.6,9,11,296,32||2013-06-24,3.9,10,13,119,32||2013-06-25,0.4,6,13,119,21||
Betchworth,51.240523,-0.267364||2013-06-19,5.2,14,27,116,10||2013-06-20,3.5,13,19,266,14||2013-06-21,0.3,11,19,122,24||2013-06-22,11.9,9,14,296,35||2013-06-23,2.9,10,15,353,27||2013-06-24,1.9,7,14,353,19||2013-06-25,0.1,9,15,113,14||
Betws-y-Coed,53.0814091,-3.8228454||2013-06-19,0.2,7,18,116,13||2013-06-20,20.2,11,14,299,8||2013-06-21,2.8,10,15,353,18||2013-06-22,21.1,10,15,353,34||2013-06-23,13.6,9,13,353,31||2013-06-24,4.3,7,10,266,24||2013-06-25,0.6,2,10,113,14||
Beverley,53.841963,-0.435093||2013-06-19,0.1,11,23,119,5||2013-06-20,0.5,10,16,116,14||2013-06-21,2.8,10,16,263,15||2013-06-22,17.2,9,18,353,27||2013-06-23,5.5,11,13,353,27||2013-06-24,5.8,10,14,266,16||2013-06-25,2.0,8,15,353,14||
Bewdley,52.375539,-2.316973||2013-06-19,0.0,11,24,113,15||2013-06-20,6.6,13,17,266,11||2013-06-21,2.0,11,18,353,23||2013-06-22,16.1,8,17,353,34||2013-06-23,3.6,9,15,353,25||2013-06-24,1.0,5,13,119,21||2013-06-25,1.0,8,13,113,12||
Bexhill-on-Sea,50.851292,0.457048||2013-06-19,3.8,13,22,113,20||2013-06-20,4.0,12,17,263,18||2013-06-21,0.7,12,16,119,35||2013-06-22,12.6,11,15,296,51||2013-06-23,1.6,11,14,353,38||2013-06-24,1.5,11,13,266,25||2013-06-25,0.2,10,14,113,18||
Bexley,51.439933,0.154327||2013-06-19,5.4,13,26,119,12||2013-06-20,1.2,12,19,266,16||2013-06-21,0.7,11,20,122,24||2013-06-22,10.4,8,15,296,33||2013-06-23,2.6,10,14,353,27||2013-06-24,3.5,6,15,353,20||2013-06-25,0.2,8,15,113,16||
Bexleyheath,51.453341,0.13822||2013-06-19,5.4,13,26,119,12||2013-06-20,1.2,12,19,266,16||2013-06-21,0.7,11,20,122,24||2013-06-22,10.4,8,15,296,33||2013-06-23,2.6,10,14,353,27||2013-06-24,3.5,6,15,353,20||2013-06-25,0.2,8,15,113,16||
Bicester,51.899603,-1.1535899||2013-06-19,0.1,13,24,116,14||2013-06-20,4.1,13,18,266,13||2013-06-21,1.3,11,18,353,23||2013-06-22,14.5,8,16,353,31||2013-06-23,3.7,9,15,353,29||2013-06-24,2.4,5,13,353,21||2013-06-25,0.0,6,14,113,14||
Bideford,51.016684,-4.206666||2013-06-19,0.0,10,20,113,22||2013-06-20,11.6,11,16,296,15||2013-06-21,3.8,10,15,266,27||2013-06-22,11.6,11,14,296,47||2013-06-23,7.3,10,14,353,36||2013-06-24,0.4,10,14,116,26||2013-06-25,0.2,9,14,113,15||
Biggar,55.623396,-3.523964||2013-06-19,0.1,6,15,113,18||2013-06-20,2.5,9,17,113,13||2013-06-21,6.3,7,14,266,18||2013-06-22,32.8,6,12,302,22||2013-06-23,9.8,6,12,266,21||2013-06-24,3.5,5,11,296,21||2013-06-25,2.8,5,12,122,9||
Biggleswade,52.086938,-0.26422||2013-06-19,0.4,14,24,119,10||2013-06-20,1.2,13,19,266,17||2013-06-21,1.1,11,20,119,24||2013-06-22,15.9,8,15,389,31||2013-06-23,3.6,10,15,353,28||2013-06-24,5.1,6,14,266,22||2013-06-25,0.1,7,14,116,15||
Billericay,51.627903,0.418397||2013-06-19,2.4,13,26,116,12||2013-06-20,1.1,13,19,266,16||2013-06-21,0.7,11,20,116,23||2013-06-22,9.8,8,14,296,36||2013-06-23,2.2,10,14,353,27||2013-06-24,4.4,8,14,266,20||2013-06-25,1.4,9,14,113,16||
Billingham,54.612537,-1.290961||2013-06-19,0.2,9,22,122,8||2013-06-20,4.0,9,15,293,13||2013-06-21,1.1,10,16,119,22||2013-06-22,13.2,9,17,353,24||2013-06-23,5.2,9,14,266,26||2013-06-24,4.2,9,16,263,20||2013-06-25,1.4,7,16,353,13||
Billingshurst,51.022909,-0.451462||2013-06-19,7.1,14,27,116,10||2013-06-20,5.0,13,20,266,13||2013-06-21,0.5,11,19,119,26||2013-06-22,13.5,9,14,296,36||2013-06-23,2.8,10,15,353,27||2013-06-24,1.2,8,14,353,17||2013-06-25,0.2,10,14,113,14||
Bilston,52.565595,-2.074088||2013-06-19,0.0,11,23,113,17||2013-06-20,6.3,13,16,263,11||2013-06-21,2.3,11,18,353,23||2013-06-22,18.2,8,16,296,34||2013-06-23,4.2,9,14,353,24||2013-06-24,1.4,5,12,353,23||2013-06-25,0.8,8,13,113,13||
Bingley,53.847389,-1.833781||2013-06-19,0.0,10,20,113,18||2013-06-20,6.0,10,15,302,12||2013-06-21,2.8,9,15,353,21||2013-06-22,20.2,8,15,296,31||2013-06-23,7.7,8,12,296,29||2013-06-24,2.2,7,14,266,25||2013-06-25,1.2,5,14,116,16||
